0.000010021	122.62183450826794
0.000010122	122.61986167438003
0.000010223	122.62364457847796
0.000010326	122.62263295553495
0.00001043	122.62167191501993
0.000010535	122.61988580172095
0.000010641	122.61991779389624
0.000010747	122.6245517262166
0.000010855	122.62463310399139
0.000010965000000000001	122.62030272092042
0.000011075	122.62137810597326
0.000011186000000000001	122.62249715140808
0.000011299	122.61933114375525
0.000011412	122.62222108542286
0.000011527	122.6208871625686
0.000011643000000000002	122.62046311317424
0.000011760000000000001	122.62013539840898
0.000011878	122.62147569998807
0.000011997	122.62288601655574
0.000012118	122.6211019758486
0.00001224	122.62022097338559
0.000012363000000000002	122.62022185671157
0.000012487000000000001	122.6210838373178
0.000012612000000000002	122.62352799315768
0.000012739000000000001	122.62220629559847
0.000012867	122.62248978864953
0.000012996	122.62361635652528
0.000013127	122.6218423270975
0.000013259000000000001	122.62165287513447
0.000013392000000000002	122.62300701222283
0.000013527000000000001	122.6208647187132
0.000013663000000000001	122.62097214525612
0.000013800000000000002	122.62190789130587
0.000013939	122.62082165769915
0.000014079	122.62124907351216
0.00001422	122.62315067622971
0.000014363000000000001	122.62308774155288
0.000014507999999999999	122.62047541813678
0.000014653	122.62334465695551
0.000014801000000000001	122.62036863959462
0.000014949000000000002	122.62341544371002
0.0000151	122.6207397882869
0.000015251000000000002	122.62335540867849
0.000015405	122.62099319599608
0.000015559	122.6226081683117
0.000015716	122.62418634267081
0.000015874	122.62235331637717
0.000016033	122.62311098787683
0.000016194	122.62279211470208
0.000016357	122.6214346922661
0.000016522000000000002	122.61907593090146
0.000016688	122.61924227787398
0.000016855	122.62186494205696
0.000017025	122.62003394955352
0.000017196	122.62066146182096
0.000017369000000000003	122.62032682183884
0.000017543	122.62238416415664
0.00001772	122.62019357503536
0.000017898	122.6203952920383
0.000018078000000000002	122.6197019454065
0.000018259000000000003	122.62133526659699
0.000018443000000000003	122.61891493283785
0.000018628000000000002	122.62393918566211
0.000018815000000000002	122.62296195326178
0.000019004	122.6211810893052
0.000019195000000000002	122.6236012237984
0.000019388	122.62025286661444
0.000019583000000000002	122.62106854053482
0.00001978	122.62110118306144
0.000019979	122.62037854487176
0.000020180000000000003	122.61892770013166
0.000020382000000000002	122.62433236686225
0.000020587	122.62143078279549
0.000020794	122.62249030861949
0.000021003000000000002	122.62283698375904
0.000021214	122.6224959845915
0.000021427	122.6214918524136
0.000021643000000000003	122.62159667932009
0.00002186	122.62371978101602
0.000022080000000000002	122.62252895836305
0.000022302	122.62073809835078
0.000022526	122.62264304881583
0.000022752000000000002	122.6239107845929
0.000022981	122.62202891196767
0.000023212	122.6196040191751
0.000023445	122.62077091692838
0.000023681	122.62297313328335
0.000023919000000000003	122.62055006425823
0.000024159	122.62163418441939
0.000024402	122.61978288099043
0.000024647	122.62137353382771
0.000024895	122.62008684569625
0.000025145	122.62217755774608
0.000025398	122.62144740522855
0.000025653	122.62025354384865
0.000025911000000000003	122.62010676311398
0.000026171	122.62321021267279
0.000026435	122.6213973750241
0.000026700000000000002	122.62136137163229
0.000026969	122.6201753265624
0.00002724	122.61859017915818
0.000027513	122.62015515790293
0.00002779	122.62059286219423
0.000028069000000000002	122.62062659481428
0.000028351	122.62165143496946
0.000028636	122.62024289515888
0.000028924	122.61984612094749
0.000029215000000000004	122.62043874915646
0.000029508000000000003	122.62066564016915
0.000029805	122.61990708604526
0.000030104	122.62206910681053
0.000030407000000000002	122.62002677950977
0.000030713	122.61898723266563
0.000031021	122.62080554195607
0.000031333	122.62168572424827
0.000031648	122.62040821106491
0.000031966	122.62010402291274
0.000032287	122.62075101099674
0.000032612000000000006	122.62054129370571
0.000032939000000000004	122.62006430307116
0.00003327	122.62172987090072
0.000033605	122.61963927878064
0.000033943000000000003	122.61851700742412
0.000034284	122.61834075395473
0.000034628	122.62192916145725
0.000034976000000000005	122.62188724208852
0.000035328	122.6211110143345
0.000035683	122.6184996311739
0.000036041	122.61957895070307
0.000036404	122.6183404495405
0.00003677	122.61802652802484
0.000037139000000000005	122.62127317147169
0.000037512	122.62116538040104
0.000037889	122.62041144261944
0.00003827	122.61903583906444
0.000038655	122.61962120487554
0.000039043	122.62107544789222
0.000039436	122.61791292532784
0.000039832	122.62065720936623
0.000040232000000000004	122.62030741064895
0.000040637000000000004	122.61796288057312
0.000041045	122.61894297711667
0.000041458	122.61795340234781
0.000041874	122.62021052292432
0.000042295	122.61817338106076
0.000042720000000000004	122.62031438868625
0.000043149	122.61960607010458
0.000043583	122.61936342314664
0.000044021000000000004	122.61864196194615
0.000044464	122.61839036827845
0.00004491	122.61897706859888
0.000045362000000000004	122.61872711592454
0.000045818	122.61803777641194
0.000046278000000000007	122.61908269697493
0.000046743	122.61843511027246
0.000047213000000000003	122.61826498857934
0.00004768800000000001	122.6185651133796
0.000048167	122.61846128848616
0.000048651	122.61882842957915
0.00004914	122.61762199106387
0.000049634	122.6169101378872
0.00005013300000000001	122.61668487611584
0.00005063600000000001	122.61808843481087
0.000051145	122.61880093693205
0.000051659	122.6180335897244
0.000052179	122.61664155362185
0.000052703	122.6168599319947
0.000053233	122.6164587332222
0.000053768000000000004	122.6165454444952
0.000054308	122.61711136939982
0.00005485400000000001	122.6170860640526
0.00005540500000000001	122.6175438213978
0.000055962000000000004	122.61743497955318
0.000056523999999999996	122.61602872446132
0.000057092	122.61764610333775
0.000057666	122.61695818181377
0.000058246	122.61576924451929
0.000058831	122.61680652392086
0.000059422	122.61562996805563
0.00006002	122.61470669585863
0.000060623000000000006	122.61595838132996
0.000061232	122.6150706779244
0.000061847	122.61538400287398
0.000062469	122.61593757060909
0.00006309700000000001	122.61444125115413
0.000063731	122.61573216149176
0.000064371	122.61500800667224
0.000065018	122.61455757599694
0.000065672	122.61437961617139
0.000066332	122.61381878798241
0.000066999	122.61353901090621
0.000067672	122.6143991333418
0.000068352	122.61403054534908
0.000069039	122.613948573579
0.000069733	122.61269003074754
0.000070434	122.61318820341967
0.000071141	122.61335100063991
0.000071856	122.61299091608855
0.00007257900000000001	122.61212936728411
0.000073308	122.61237613655506
0.00007404500000000001	122.61213096310341
0.000074789	122.61219280628188
0.000075541	122.61178712556578
0.00007630000000000001	122.61169662889851
0.000077067	122.61116169539022
0.000077841	122.6109491165445
0.000078623	122.6116174621727
0.000079414	122.61112298962557
0.00008021200000000001	122.61095746704922
0.000081018	122.61039737424801
0.00008183200000000001	122.61071442326103
0.000082655	122.60994163515477
0.000083485	122.60951145336932
0.000084324	122.60925697615203
0.000085172	122.60917956489872
0.00008602800000000001	122.60876063802321
0.00008689200000000001	122.60920036399197
0.000087766	122.60797807862347
0.00008864800000000001	122.60762472094918
0.00008953900000000001	122.60747033569858
0.000090439	122.60751505991087
0.000091347	122.60726598469428
0.00009226600000000001	122.60708190956994
0.00009319300000000001	122.60662477897189
0.000094129	122.6063867838232
0.00009507500000000001	122.60575454510965
0.000096031	122.60582343058182
0.000096996	122.6050444655405
0.000097971	122.60496773624165
0.000098956	122.60453161487837
0.00009995	122.6043347073056
0.00010095	122.60610578172843
0.00010197	122.60281357672007
0.00010299	122.60592426277405
0.00010403	122.60205929369856
0.00010507	122.60449377532348
0.00010613	122.60207232963262
0.0001072	122.60037820179488
0.00010827	122.60381299962484
0.00010936	122.6025313598481
0.00011046000000000001	122.60100729295453
0.00011157	122.6011226125948
0.00011269000000000001	122.6009838417382
0.00011383	122.59732129466336
0.00011497	122.59856023958142
0.00011613	122.59543024583184
0.00011729000000000001	122.5988878260886
0.00011847000000000001	122.59803009666642
0.00011966	122.59785665127316
0.00012085999999999999	122.59835253471331
0.00012208	122.59473269889693
0.00012331	122.59354816667228
0.00012455	122.59220823430056
0.0001258	122.59238989537621
0.00012706000000000002	122.59405427974428
0.00012834	122.59180721169082
0.00012963	122.59107263949603
0.00013093	122.59181189898348
0.00013225000000000002	122.5895838188673
0.00013358	122.58884179505579
0.00013492000000000002	122.58876712322457
0.00013627	122.59089091803465
0.00013764000000000002	122.59015773362613
0.00013903	122.5866576684411
0.00014042	122.58877219136134
0.00014183999999999998	122.58476812482293
0.00014326	122.58628995120505
0.0001447	122.58513091808038
0.00014616000000000002	122.58209913218579
0.00014762	122.58514535184847
0.00014911	122.58167001909
0.00015061	122.58030727164093
0.00015212	122.58100072940043
0.00015365000000000002	122.57921568475497
0.00015519	122.5801491264769
0.00015675000000000002	122.57933554729813
0.00015833	122.57683231695165
0.00015992	122.57633636071557
0.00016153	122.57418920858767
0.00016314999999999998	122.57466590479741
0.00016479	122.5735161873428
0.00016644999999999998	122.57143305648049
0.00016811999999999998	122.57128032814683
0.00016981	122.5702047581684
0.00017151	122.57101273809491
0.00017324000000000002	122.56816294752564
0.00017498	122.56659600825945
0.00017674000000000002	122.56660851126651
0.00017851	122.56962911623337
0.00018031	122.56318937424898
0.00018212	122.56570395989175
0.00018395	122.56212612716507
0.0001858	122.55839502911313
0.00018767	122.56022878784405
0.00018955	122.55924305072668
0.00019145999999999999	122.55503652342573
0.00019338	122.55373208314268
0.00019533000000000002	122.55478326422086
0.00019729	122.55315131927343
0.00019927	122.55138255502173
0.00020127	122.54948695124162
0.0002033	122.54990013157175
0.00020534	122.54775809918517
0.0002074	122.54551736785831
0.00020949	122.5455488888965
0.00021159	122.54311571375911
0.00021372	122.54292985700533
0.00021587	122.53764086162279
0.00021804000000000002	122.53729711567613
0.00022023000000000002	122.53686213900315
0.00022244	122.53634344186713
0.00022468	122.53315768316823
0.00022694000000000002	122.52995398452973
0.00022922	122.52673820867113
0.00023152	122.52819164128009
0.00023385000000000002	122.52243559791484
0.0002362	122.52132157055907
0.00023857000000000001	122.5201793990122
0.00024097	122.5211008031272
0.00024339	122.51750848111607
0.00024584	122.51600068412381
0.00024831	122.5144953763667
0.0002508	122.51299676367245
0.00025332	122.50921162892789
0.00025587	122.50746505858137
0.00025844	122.50574670977694
0.00026104	122.50183066352999
0.00026366000000000003	122.49799348099147
0.00026631	122.49614686523707
0.00026899000000000004	122.49218656648281
0.00027169	122.49233862191484
0.00027442	122.49039112095303
0.00027717999999999997	122.48640996057408
0.00027997	122.48436445132725
0.00028278	122.4823965890586
0.00028562	122.47847074204057
0.00028849	122.47644430374291
0.00029139	122.47251101894203
0.00029432000000000004	122.47045541993928
0.00029727999999999997	122.46654226142606
0.00030027	122.46448455145277
0.00030328	122.46253474550389
0.00030633	122.45689500473873
0.00030941000000000003	122.45311051009665
0.00031252000000000005	122.4511356311465
0.00031566	122.4474402914711
0.00031883000000000004	122.4455311391127
0.00032204	122.44013797528012
0.00032527	122.43833124647796
0.00032854	122.43311705563927
0.00033184999999999996	122.42792397341734
0.00033517999999999997	122.42623027879027
0.00033855	122.42124330103807
0.00034195	122.41799534508299
0.00034539	122.41475949602027
0.00034886	122.41003992202093
0.00035237	122.40537400429358
0.00035591	122.40240202281076
0.00035948	122.39799997806522
0.0003631	122.3920632491664
0.00036675000000000005	122.38781604173298
0.00037043	122.38521602169665
0.00037416	122.378147231765
0.00037791999999999996	122.37569999066436
0.00038171	122.37192643226619
0.00038555	122.36385301670812
0.00038942	122.36030952683248
0.00039334000000000005	122.35538835956702
0.00039728999999999996	122.3492600480976
0.00040128	122.34606884032638
0.00040532000000000003	122.33880368846671
0.00040939	122.33315218410037
0.00041351	122.32896247709607
0.00041766	122.32363716314998
0.00042186000000000003	122.31710635792034
0.0004261	122.31077652589474
0.00043038	122.30464872929504
0.00043471	122.2999621665826
0.00043908000000000006	122.29290710111559
0.00044349	122.28608275600327
0.00044795	122.28069516127466
0.00045245	122.27303780182397
0.00045699	122.26809227200836
0.00046159	122.26083939353936
0.00046623	122.25384545066926
0.00047091	122.24710919383574
0.00047564	122.23940850326674
0.00048042	122.23312115559506
0.00048525	122.22589480549603
0.00049013	122.21776355873544
0.00049506	122.20876069106262
0.0005000299999999999	122.20233531277604
0.00050506	122.19388758843354
0.00051013	122.18797294059135
0.00051526	122.17788718359562
0.00052044	122.16921638477717
0.00052567	122.16192856556236
0.0005309500000000001	122.15386049347903
0.00053629	122.14395920278842
0.0005416800000000001	122.13544827056971
0.0005471200000000001	122.12622371564123
0.00055262	122.11731570441275
0.0005581700000000001	122.10772993637215
0.0005637799999999999	122.09847807824485
0.00056945	122.08955962479263
0.00057517	122.08000519578009
0.00058095	122.06884110885203
0.00058679	122.05806115923752
0.0005926900000000001	122.0476633957497
0.00059865	122.03764569430041
0.00060466	122.02707840188945
0.0006107399999999999	122.0159535925711
0.00061688	122.00523651417485
0.00062308	121.99309048048316
0.00062934	121.98319628975652
0.00063566	121.9719003651378
0.00064205	121.96012983891805
0.00064851	121.94614194460965
0.0006550200000000001	121.93527561998836
0.0006616100000000001	121.9230907763036
0.00066826	121.90965185088146
0.00067497	121.89670226327608
0.00068176	121.88422245436404
0.0006886100000000001	121.87055374537509
0.00069553	121.85655800295201
0.0007025200000000001	121.84389166673539
0.00070958	121.82928143853549
0.00071671	121.8160055928725
0.00072391	121.80244343971103
0.00073119	121.7862429328028
0.00073854	121.77139734383208
0.0007459599999999999	121.75787794796837
0.0007534600000000001	121.7418211669186
0.00076103	121.72710686001311
0.00076868	121.70994342648734
0.0007764	121.69562794656687
0.00078421	121.67818327344659
0.00079209	121.66209475653122
0.0008000500000000001	121.64516090157245
0.00080809	121.62885170423911
0.00081621	121.61173652360607
0.00082441	121.59384752691794
0.0008327	121.57591928624906
0.00084107	121.55726708184547
0.0008495200000000001	121.53929166307529
0.0008580600000000001	121.52131114362449
0.00086668	121.50265711794464
0.00087539	121.48269846432471
0.0008841900000000001	121.46280306754963
0.00089307	121.44362619288192
0.00090205	121.42387838655728
0.0009111200000000001	121.40293657134778
0.00092027	121.38274335087122
0.0009295200000000001	121.36204673890963
0.00093886	121.34023798226804
0.0009483	121.31922499394192
0.00095783	121.29714803941934
0.00096746	121.2746657783579
0.00097718	121.25239077840443
0.000987	121.22974417069817
0.00099692	121.2067479293188
0.0010069	121.18454015528826
0.0010171	121.15636874606324
0.0010273	121.13360268334209
0.0010376	121.11054528740983
0.001048	121.08721566036958
0.0010586	121.0581999670163
0.0010692	121.03443568497185
0.00108	121.00512996367398
0.0010908	120.98208406126325
0.0011018	120.95254062203921
0.0011128000000000002	120.9291597004971
0.001124	120.90154948096237
0.0011353000000000001	120.87281563437526
0.0011467	120.84507381889264
0.0011583000000000001	120.812325636229
0.0011699	120.78556046675696
0.0011817	120.75389371533713
0.0011935	120.72709419772278
0.0012055	120.69650306528163
0.0012175999999999999	120.66695602441443
0.0012299000000000001	120.63280369112609
0.0012422	120.60342046558534
0.0012547	120.57049687404229
0.0012673	120.5386720883367
0.0012801000000000002	120.50251796229304
0.0012928999999999998	120.47195744248363
0.0013059000000000002	120.43807224400695
0.0013191	120.40006603191752
0.0013322999999999998	120.36756134384703
0.0013457	120.33190916829979
0.0013592	120.29653668537681
0.0013729	120.25904149217638
0.0013866999999999998	120.22188321947338
0.0014006	120.18592473843074
0.0014147	120.14710876035483
0.0014288999999999999	120.10952917669904
0.0014433000000000002	120.06921021659156
0.0014578	120.02932974259036
0.0014724000000000002	119.99153250463277
0.0014872	119.95112396080211
0.0015022	119.9081977692199
0.0015173	119.86659804067274
0.0015325	119.82550435801089
0.0015479	119.78280968218867
0.0015635	119.73857986879993
0.0015792	119.69493463730035
0.0015951000000000001	119.6490695989696
0.0016111	119.60535207968319
0.0016273000000000001	119.55949146467889
0.0016436	119.51502165059098
0.0016602000000000001	119.46581529013956
0.0016768	119.42072157272105
0.0016937	119.3710308751435
0.0017107000000000001	119.32352852941742
0.0017279	119.27346208688368
0.0017453	119.22303790630946
0.0017628	119.17340208586276
0.0017805000000000002	119.12274898977357
0.0017984000000000001	119.07044094438807
0.0018165000000000002	119.01722388508215
0.0018348000000000001	118.96246974667599
0.0018532000000000002	118.90995691735155
0.0018718	118.85595552716737
0.0018906	118.80118218420473
0.0019096	118.74502836968861
0.0019288	118.68819608446685
0.0019482	118.63008592984293
0.0019678	118.5713855954857
0.0019876	118.51213164020767
0.0020076	118.45173815775289
0.0020277	118.39302953790808
0.0020480999999999997	118.3317003538749
0.0020687	118.26935917166085
0.0020895	118.20605329064053
0.0021105	118.14301688369211
0.0021317	118.07849645799173
0.0021531000000000002	118.0166363609575
0.0021748	117.94844728614856
0.0021966	117.88495993137778
0.0022187	117.81533096477348
0.002241	117.74788171057484
0.0022635	117.67699339068862
0.0022863000000000002	117.6058645244973
0.0023092	117.53936887456489
0.0023324	117.46717254299506
0.0023559	117.38945719598246
0.0023796	117.31941885789776
0.0024035000000000003	117.24629223368957
0.0024276000000000002	117.17017732434094
0.002452	117.09410143953205
0.0024767	117.01809464921283
0.0025016	116.93929943972029
0.0025267	116.86286981484798
0.0025521	116.78157093616935
0.0025777	116.70268502210315
0.0026037	116.61698200958902
0.0026298	116.53588454380315
0.0026563	116.45303141012256
0.0026828999999999998	116.36988919895904
0.0027099000000000003	116.28511648871489
0.0027371	116.19811195734216
0.0027647	116.10963904957998
0.0027924	116.02106176120111
0.0028205	115.93112782517262
0.0028488000000000003	115.84377681708837
0.0028775000000000003	115.75062047078019
0.0029064	115.65563054620183
0.0029356	115.56588044743015
0.0029651	115.46806145969074
0.0029949	115.37549881271003
0.003025	115.27943553825259
0.0030553999999999998	115.17999006313418
0.0030861	115.08152886823817
0.0031171	114.98405514869714
0.0031485000000000003	114.88166012423937
0.0031801000000000004	114.77793847390102
0.0032121	114.67365598359078
0.0032444	114.57054414106916
0.003277	114.46456376741162
0.0033099	114.35981805521837
0.0033432	114.25071113755115
0.0033767999999999997	114.14293300375078
0.0034107	114.03257588878711
0.0034449999999999997	113.91816133208921
0.0034796	113.80905513904773
0.0035146	113.69220443571994
0.0035499000000000004	113.58067493670842
0.0035856	113.46163897966562
0.0036216	113.34422476162733
0.0036580000000000002	113.22694764820537
0.0036948	113.10619613619025
0.0037319000000000002	112.98714739046888
0.0037694	112.8647777072728
0.0038073	112.73920683854439
0.0038455	112.61546733659902
0.0038842	112.49078748767684
0.0039232	112.36102657439459
0.0039627	112.23395725467124
0.0040025	112.10199437587617
0.004042700000000001	111.97072923772421
0.004083300000000001	111.84018028476751
0.004124399999999999	111.70575362173224
0.0041658	111.57013545464689
0.0042077	111.43086309110632
0.00425	111.29255973439581
0.0042927	111.15523637676012
0.0043358	111.01252253396174
0.0043794	110.86971014207074
0.0044234	110.72803578274105
0.0044679	110.58321685141145
0.0045128	110.43653666157957
0.0045581	110.2880737363455
0.004604	110.13866927279996
0.0046502	109.985745380838
0.004697	109.83504251433675
0.0047442000000000005	109.6798641335238
0.0047918	109.52623138593944
0.00484	109.36907533610798
0.0048886	109.21065596004858
0.0049378	109.04893691217704
0.0049874	108.88897156054483
0.0050375	108.72689909693115
0.0050882	108.56179746361687
0.0051393	108.39579415938975
0.005190900000000001	108.22795048895132
0.0052431000000000005	108.05737161070363
0.005295800000000001	107.88785555606866
0.0053490000000000005	107.71672401701454
0.0054028	107.54043688615282
0.0054571	107.3654021752638
0.005511899999999999	107.18899937541245
0.0055673	107.01038619724453
0.0056233	106.82966308995849
0.0056798000000000005	106.64781970825408
0.0057369000000000005	106.46403849121172
0.0057945	106.27928349330773
0.0058528	106.09189240887231
0.0059116	105.90368547888555
0.005971	105.7138771508221
0.006031	105.52255066929128
0.006091600000000001	105.32735252934995
0.006152800000000001	105.13324862177345
0.0062147	104.93466255478094
0.0062771	104.73809515054884
0.006340200000000001	104.53724626415371
0.006404	104.33461046006222
0.006468300000000001	104.12948554386068
0.0065333	103.92506687589548
0.006599000000000001	103.71680938397155
0.0066653	103.50786340464839
0.0067323	103.29530059543708
0.0068000000000000005	103.083734423978
0.006868300000000001	102.8672337823509
0.0069372999999999995	102.65186880523093
0.007007	102.43328234553506
0.0070775000000000005	102.21308461343146
0.007148600000000001	101.99056635592453
0.0072204	101.76729198732505
0.007293	101.54266540764007
0.0073663	101.31320153813593
0.0074402999999999995	101.08534564380508
0.0075151	100.85222536313205
0.007590599999999999	100.62084286889691
0.0076669	100.38442676130138
0.007744	100.14721642976521
0.0078218	99.90786667376763
0.0079004	99.66787805021254
0.0079798	99.42532249130394
0.008060000000000001	99.18030726310673
0.008141	98.93293667263985
0.0082228	98.68526607653638
0.0083055	98.4329096678192
0.008388900000000001	98.18869853162462
0.008473300000000001	97.93363571622652
0.0085584	97.67914148768037
0.0086444	97.42039865139259
0.008731299999999999	97.1613010357824
0.0088191	96.89818936865728
0.0089077	96.63541556124791
0.0089972	96.36883708945749
0.0090876	96.10223488869657
0.009179000000000001	95.83154331858276
0.0092712	95.5596864681551
0.0093644	95.28576510238652
0.0094585	95.00858200939294
0.0095536	94.73131252689383
0.009649600000000001	94.45097629628981
0.0097466	94.16896688241312
0.0098445	93.88409745581546
0.0099435	93.59729793879814
0.010043000000000002	93.3113193735985
0.010144	93.02010477127975
0.010246	92.72768981955585
0.010349	92.43247548772392
0.010453	92.13623473426122
0.010558	91.83738432583884
0.010664	91.53602532321605
0.010772	91.20206287617319
0.01088	90.89619098034514
0.010989	90.58970948114948
0.0111	90.27560284681118
0.011211	89.96495874221331
0.011324	89.64856971073554
0.011438	89.33037939354874
0.011553	89.01203379265105
0.011669	88.69046240565835
0.011786000000000001	88.36731567458702
0.011904000000000001	88.04266410697336
0.012024	87.71311066707605
0.012145000000000001	87.38075766224382
0.012267	87.04872268220642
0.01239	86.71402708937366
0.012515000000000002	86.3749733704983
0.012641	86.03498611504858
0.012768	85.69263574082855
0.012896	85.34946973826081
0.013026	85.00243607568531
0.013156000000000001	84.67676836641797
0.013289000000000002	84.32389900940608
0.013422000000000002	83.97211003504287
0.013557	83.6169102245371
0.013693	83.25992251268164
0.013831	82.89977496147682
0.01397	82.53801580801299
0.014110000000000001	82.17469555471101
0.014252	81.80713605937318
0.014395	81.4395797324383
0.01454	81.06663260133719
0.014686	80.6938361698157
0.014834	80.31726585331313
0.014983	79.93960507923987
0.015134000000000002	79.55839003932991
0.015286000000000001	79.17622286297262
0.015439000000000001	78.79313221321291
0.015594	78.4000617985548
0.015751	78.01056387356941
0.015909000000000003	77.6190309147117
0.016069	77.2258599815905
0.016231000000000002	76.82852383639059
0.016394000000000002	76.4306812337387
0.016559	76.02885977868027
0.016725	75.62793220877985
0.016893000000000002	75.22318920824964
0.017063000000000002	74.8160396327403
0.017235	74.40530158235556
0.017408000000000003	73.99438491758934
0.017582999999999998	73.58130208965629
0.017759	73.16683368312776
0.017938000000000003	72.74966482029595
0.018118000000000002	72.32997460444176
0.0183	71.90842495808685
0.018484	71.48509542015057
0.018670000000000003	71.05881730916121
0.018858	70.62967704209211
0.019047	70.20198143830771
0.019239000000000003	69.7685582035351
0.019432	69.3354269037148
0.019627000000000002	68.90089902529272
0.019824	68.46381315050789
0.020024	68.02384046729408
0.020225000000000003	67.5830750107577
0.020428	67.14114789770234
0.020633000000000002	66.69690089954966
0.020841000000000002	66.25008272672483
0.02105	65.80378125359407
0.021262000000000003	65.35384475373884
0.021476000000000002	64.90182939710024
0.021691000000000002	64.45157070186953
0.021909	63.99786980783331
0.02213	63.54202108209854
0.022352	63.08562045935947
0.022577	62.62835425842838
0.022804	62.16924617299357
0.023033	61.709497300651755
0.023264000000000003	61.2491244997561
0.023498	60.78691367643915
0.023734	60.32414913972843
0.023973	59.85965437828272
0.024214	59.39466479322733
0.024457000000000003	58.92918494663655
0.024703000000000003	58.463253174076996
0.024951	57.99687092539312
0.025202000000000002	57.528951877005014
0.025455000000000002	57.06177042449622
0.025711	56.59311631066623
0.025969	56.12521683666755
0.02623	55.65704915882881
0.026494000000000004	55.18865223200609
0.026760000000000003	54.71988477590729
0.027028999999999997	54.25092348900388
0.027301	53.78294578891762
0.027575000000000002	53.31574963041544
0.027852000000000002	52.84840778754566
0.028132000000000004	52.3820878578366
0.028415000000000003	51.91566498137132
0.028701	51.449157344880476
0.028989	50.98570089831743
0.02928	50.52215477036041
0.029575000000000004	50.05886821131482
0.029872	49.59861419232256
0.030172	49.13829607876107
0.030475000000000002	48.68134189873955
0.030782	48.22358601853665
0.031091000000000004	47.76881370102388
0.031403	47.316264782424476
0.031719000000000004	46.86523453416376
0.032038000000000004	46.415306457840806
0.03236	45.96304878330623
0.032685	45.514158995733425
0.033013	45.067485975190465
0.03334500000000001	44.62238293339956
0.03368	44.18064166795822
0.034019	43.74163889920591
0.034361	43.30599622217715
0.034706	42.87369879199606
0.035054999999999996	42.44530165178429
0.035407	42.01909567266566
0.035763	41.59795012517478
0.036122	41.18012996847309
0.036486000000000005	40.7645546042895
0.036852	40.355126695813496
0.037223	39.94911895599218
0.037597000000000005	39.54757285679034
0.037975	39.14997852488238
0.038356	38.75797673530772
0.038742	38.36945493054157
0.039131	37.98537013942463
0.039524000000000004	37.60755568142777
0.039922000000000006	37.233267674309815
0.040323	36.8634041643905
0.040728	36.499826298633465
0.04113700000000001	36.14138224434726
0.041551000000000005	35.78650804739147
0.041968000000000005	35.43834243301563
0.042390000000000004	35.09491820836755
0.042816	34.755485045545285
0.04324600000000001	34.42235367300655
0.043681	34.09399214366866
0.04412	33.770780288772
0.044563000000000005	33.45271144197793
0.045011	33.13942831736853
0.045464000000000004	32.8309425676713
0.045921000000000003	32.527600538675166
0.04638200000000001	32.22939117225167
0.046848	31.93597878867258
0.047319	31.647369046314253
0.047795000000000004	31.362410921124216
0.048275000000000005	31.08372343431491
0.04876	30.808680844899143
0.04925	30.53843815797438
0.049745000000000004	30.271841757759862
0.050245	30.010042550341403
0.050749999999999997	29.751886162225688
0.05126	29.498519232362636
0.05177500000000001	29.24878703727184
0.052296	29.00242163671102
0.052821	28.7599492675483
0.053352000000000004	28.520841363245353
0.053888000000000005	28.285353886862833
0.054430000000000006	28.05209240226845
0.054977	27.822445742788762
0.05553	27.595029487405384
0.056088000000000006	27.37008206181661
0.056651	27.14759658947215
0.057221	26.925984768967762
0.05779600000000001	26.706838862465126
0.058377000000000005	26.488803758044668
0.058963	26.272098161100157
0.059556	26.055173081227878
0.060154	25.83845752303031
0.060759	25.622673632673376
0.06137000000000001	25.40578411023657
0.061986	25.189114937050803
0.06260900000000001	24.971159096353084
0.063239	24.751933781512612
0.063874	24.532940105331488
0.064516	24.31044937312928
0.065165	24.087836162385578
0.065819	23.86321304253456
0.066481	23.636060565176226
0.067149	23.40784441879308
0.067824	23.177273759893623
0.068506	22.945468232121478
0.069194	22.710336267152893
0.069889	22.47395101891146
0.070592	22.234804528651516
0.071301	21.99363299575886
0.07201800000000001	21.75000859737304
0.072742	21.504057532139807
0.073473	21.255865425471047
0.07421100000000001	21.00528744764993
0.074957	20.752269253255175
0.07571	20.497135882260043
0.07647100000000001	20.239718040042156
0.07724	19.980320518231597
0.078016	19.719252489346694
0.07880000000000001	19.456575952883608
0.079592	19.192826295700463
0.080392	18.92819392609858
0.08120000000000001	18.663338667718058
0.082016	18.398576278005145
0.08284000000000001	18.13458187039189
0.083673	17.871702866418897
0.084514	17.61062239127349
0.08536300000000001	17.351928462218176
0.086221	17.09612716220806
0.087088	16.843595323675434
0.08796300000000001	16.595051685551798
0.08884700000000001	16.35079865531438
0.08974	16.111364389019005
0.090642	15.877039022469166
0.091553	15.64824256043677
0.09247300000000001	15.42515123373931
0.093402	15.208069104297948
0.09434100000000001	14.997101790398483
0.09528900000000001	14.7926374240806
0.09624700000000001	14.59465985542728
0.09721400000000001	14.403297817299077
0.098191	14.218532890446815
0.099178	14.040416780754349
0.10017	13.869325990984017
0.10118	13.704186660368219
0.1022	13.545443067625424
0.10323	13.393125952190637
0.10426	13.24747365858697
0.10531	13.10715565505009
0.10637	12.972410674861472
0.10744	12.842986242236487
0.10852	12.718364017493693
0.10961	12.598021794327627
0.11071	12.481565373300917
0.11182	12.36807626090566
0.11295	12.256512140115452
0.11408	12.147125941115913
0.11523	12.038109573300513
0.11639	11.929453553337996
0.11756	11.820242597165079
0.11874	11.709822474784847
0.11993	11.59792886581576
0.12114	11.483323572459541
0.12235	11.36677645457349
0.12358	11.246990817381345
0.12483	11.123713075736251
0.12608	10.997642232075581
0.12735	10.86777682393851
0.12863	10.73449975378827
0.12992	10.597630755105342
0.13123	10.457131567671285
0.13254	10.31383942804436
0.13388	10.166710502825758
0.13522	10.01745095662615
0.13658	9.86568086073128
0.13795	9.712095768096482
0.13934	9.557256958152617
0.14074	9.402000267712973
0.14215	9.247108312581663
0.14358	9.092804341968106
0.14503	8.940216547471906
0.14648	8.790364629343198
0.14796	8.643549067251055
0.14944	8.501238131459244
0.15094	8.363368835702358
0.15246	8.230751300611926
0.15399	8.103873241654162
0.15554	7.983005228598923
0.15711	7.868090163618233
0.15868	7.759674730894923
0.16028	7.6569703730724195
0.16189	7.560351031755625
0.16352	7.469036226435063
0.16516	7.3829776531478295
0.16682	7.3012295521499935
0.1685	7.223208485562266
0.17019	7.148371381938523
0.1719	7.075610589712236
0.17363	7.004325715601502
0.17537	6.933797964219323
0.17714	6.863042807298172
0.17892	6.791672614907073
0.18071	6.7190652765728025
0.18253	6.644095272932951
0.18436	6.566793717740786
0.18622	6.486492402468869
0.18809	6.403036083619265
0.18998	6.316523790377032
0.19189	6.2267538484459415
0.19382	6.134448893039717
0.19577	6.039868346626963
0.19773	5.943730623552892
0.19972	5.846332211138088
0.20173	5.74889984090882
0.20375	5.651867418246481
0.2058	5.555930134013738
0.20787	5.461886809501606
0.20996	5.37025577024877
0.21207	5.281736937821781
0.2142	5.196881211819882
0.21635	5.116251411950456
0.21853	5.039970598348107
0.22072	4.9683213439948695
0.22294	4.900970382853582
0.22518	4.837385577358321
0.22745	4.776982499672955
0.22973	4.7194678252578415
0.23204	4.66396751592542
0.23437	4.60972294714284
0.23673	4.556297824414159
0.23911	4.502916682943189
0.24151	4.449049887199396
0.24394	4.393900872868408
0.24639	4.337365229835176
0.24887	4.2789852673988
0.25137	4.218992577131457
0.25389	4.156996687926507
0.25645	4.093697672587616
0.25902	4.029294191140829
0.26163	3.964434728944701
0.26426	3.8994309233256925
0.26691	3.8349995795440086
0.26959	3.771811730195338
0.2723	3.710182819555567
0.27504	3.650775451739073
0.2778	3.593818696757768
0.2806	3.5394148721119003
0.28342	3.487703908614188
0.28626	3.4386008583773555
0.28914	3.3917502411541762
0.29205	3.346711352773284
0.29498	3.303028544630589
0.29795	3.2600184167409068
0.30094	3.217358600252312
0.30397	3.1745320212537163
0.30702	3.131336524648757
0.31011	3.0874648805212295
0.31322	3.0428983121496254
0.31637	2.9975252325354536
0.31955	2.9515340501462766
0.32276	2.905209832897138
0.32601	2.8589248259117275
0.32928	2.8131466012936768
0.33259	2.7681448293790045
0.33593	2.724259908900667
0.33931	2.681697762417733
0.34272	2.64070472012374
0.34616	2.6012580769305753
0.34964	2.5632560235086337
0.35316	2.526524404729944
0.35671	2.490809994179559
0.36029	2.455774636567653
0.36391	2.421107357275846
0.36757	2.3865257655140386
0.37126	2.351903633159397
0.375	2.317086418371483
0.37876	2.282132692377017
0.38257	2.247080103770675
0.38642	2.2120862526812584
0.3903	2.1773540346869455
0.39422	2.1430818887693506
0.39818	2.1095019186240362
0.40219	2.0767122206786977
0.40623	2.0448183534349957
0.41031	2.013828771875513
0.41443	1.9836836738554207
0.4186	1.9542522171160257
0.42281	1.9253515076877117
0.42706	1.8968423067890696
0.43135	1.8685583418568716
0.43568	1.8404501916199985
0.44006	1.8124476915307628
0.44448	1.7845683236011889
0.44895	1.756863901385454
0.45346	1.729426056810797
0.45802	1.7023856065772514
0.46262	1.6758383067933775
0.46727	1.6498213465576224
0.47197	1.6243406431664544
0.47671	1.5994690208176938
0.4815	1.575068467065894
0.48634	1.5510663006083287
0.49123	1.5274139902486996
0.49617	1.5040357389934054
0.50115	1.4808679477582134
0.50619	1.4579346318276565
0.51128	1.4351976449950956
0.51642	1.4127634884648763
0.52161	1.3906606448950256
0.52685	1.3688912474913886
0.53214	1.3475391978004878
0.53749	1.3265417368646242
0.54289	1.3059415848398552
0.54835	1.2856754897081268
0.55386	1.265729659380003
0.55943	1.2460392883598197
0.56505	1.2265881996213506
0.57073	1.2073952520363702
0.57647	1.1884336338002912
0.58226	1.1697429751115185
0.58811	1.1513440812684415
0.59402	1.133210225083047
0.59999	1.1154020559640248
0.60602	1.097863564522351
0.61211	1.0806264944394444
0.61826	1.0636336135828692
0.62448	1.0469085981555324
0.63075	1.030378793552972
0.63709	1.0141204149756888
0.6435	0.9980748738722546
0.64996	0.9822581762812205
0.6565	0.9667120961769801
0.66309	0.9513979295265332
0.66976	0.9362964260809422
0.67649	0.9214545169763017
0.68329	0.9068358835085708
0.69015	0.8924484949612842
0.69709	0.8782494316490239
0.7041	0.8642788025293544
0.71117	0.85051145135316
0.71832	0.8369701668839873
0.72554	0.8235963920901739
0.73283	0.8104576898715029
0.7402	0.7975173928704418
0.74763	0.7847873371914782
0.75515	0.772219981432616
0.76274	0.7598607277586812
0.7704	0.7476766132835831
0.77815	0.7356943625816862
0.78597	0.7238900901199309
0.79387	0.7122605388810236
0.80185	0.7008319216760067
0.8099	0.6895709068070801
0.81804	0.6784776480023859
0.82626	0.6675540074848413
0.83457	0.6567938933604325
0.84296	0.6462061576473569
0.85143	0.6357810724986964
0.85999	0.6255126306205265
0.86863	0.615413082465766
0.87736	0.6054653821829434
0.88618	0.595670829614307
0.89508	0.5860338600137392
0.90408	0.5765418301891785
0.91316	0.5671982334498741
0.92234	0.557998265610068
0.93161	0.5489461587154886
0.94097	0.5400312830218619
0.95043	0.5312599692582216
0.95998	0.52262019053697
0.96963	0.5141184174166706
0.97938	0.5057518954428698
0.98922	0.4975119846931797
0.99916	0.48940543706468775
1.0091999999999999	0.4814210225089296
1.0193	0.4735727374650754
1.0295999999999998	0.46583090440608826
1.0399	0.4582275015305201
1.0504	0.4507252571063
1.0609	0.4433621991278675
1.0716	0.436094704687219
1.0824	0.4289483794299397
1.0933	0.4219110407608832
1.1042	0.4150101211306457
1.1153	0.40819705203326867
1.1266	0.4014784276728116
1.1379000000000001	0.39488938117302286
1.1493	0.38840430125043346
1.1609	0.38200826307181085
1.1724999999999999	0.3757290649070494
1.1843	0.36954115058741877
1.1962000000000002	0.363451567551961
1.2082	0.35746563463552816
1.2204	0.3515609187125602
1.2326	0.3457657199272068
1.245	0.34005361701993847
1.2575	0.3344389055084415
1.2702	0.32890016569442376
1.2829	0.3234677106316524
1.2958	0.31811785769912293
1.3089	0.31284219496219856
1.322	0.30766416929509716
1.3353000000000002	0.3025618313728957
1.3487	0.29754701971697706
1.3622999999999998	0.29260491603427424
1.376	0.28774670503528343
1.3898	0.282967632545967
1.4038	0.27826390914015003
1.4179	0.2736406871122759
1.4321000000000002	0.2690877423983
1.4465	0.2646127067670102
1.4610999999999998	0.26020067088493465
1.4757	0.2558690525793508
1.4906	0.2515989182329677
1.5056	0.24740208991409032
1.5207000000000002	0.24327334418722918
1.5359999999999998	0.23921114052264428
1.5514000000000001	0.23521803012411052
1.5670000000000002	0.23128161616196913
1.5827	0.227420950605379
1.5987	0.22361167971509446
1.6147	0.21986870843782633
1.6309	0.21619078020588184
1.6473	0.21256703103411065
1.6639000000000002	0.20900409201673703
1.6805999999999999	0.20549661414875345
1.6975000000000002	0.20205111377265397
1.7146	0.19865628247862668
1.7318	0.19531806631518678
1.7491999999999999	0.19203758958975192
1.7668	0.1888093882291991
1.7845	0.18563902729049975
1.8025	0.18251081551279863
1.8206	0.17944136970144697
1.8389	0.176420006209415
1.8574	0.173447255094026
1.876	0.17052147145147206
1.8948999999999998	0.1676474114339699
1.9139	0.16482110849970666
1.9331999999999998	0.16203469704762358
1.9526	0.15930339025738185
1.9722	0.15661020076346122
1.992	0.1539622443020688
2.0121	0.15135642487618955
2.0322999999999998	0.14880047385933132
2.0527	0.14627730535038452
2.0732999999999997	0.14380114161689195
2.0942	0.14136930411399415
2.1152	0.13897174863876294
2.1365	0.13661450472148168
2.158	0.13429689066962583
2.1795999999999998	0.13202069045001286
2.2015000000000002	0.1297796825131055
2.2237	0.12757369782595981
2.246	0.12540785009817332
2.2686	0.12327558809604706
2.2914000000000003	0.12117918510238239
2.3144	0.11911894175783441
2.3377	0.11709125608050908
2.3612	0.11509815262876873
2.3849	0.11313835332852228
2.4089	0.11121071125376111
2.4331	0.10931545112703928
2.4575	0.10745201953302842
2.4821999999999997	0.10561943962934356
2.5072	0.10381571310339027
2.5324	0.10204395381462533
2.5578000000000003	0.100301943451151
2.5835000000000004	0.09858807769263454
2.6095	0.09690272389251234
2.6357000000000004	0.09524628561991313
2.6622000000000003	0.09361644391195573
2.6889999999999996	0.09201352751147676
2.716	0.09043945251118078
2.7433	0.0888902845220049
2.7709	0.08736718920464252
2.7987	0.08587017377015797
2.8268	0.08439887337919874
2.8553	0.08295042566087281
2.8838999999999997	0.08152834282387471
2.9129	0.08012874649801834
2.9421999999999997	0.07875236662980543
2.9718	0.07739945666177142
3.0016	0.0760705480313852
3.0318	0.0747634462142663
3.0623	0.07347774617545086
3.0930999999999997	0.07221366316915089
3.1241000000000003	0.07097153603678445
3.1555	0.06975035412246561
3.1873	0.06854848613379898
3.2193	0.06736721541530437
3.2516	0.06620766014660215
3.2843	0.06506611205038584
3.3173000000000004	0.06394373553246575
3.3507	0.0628408341871316
3.3843	0.06175634756270346
3.4183999999999997	0.0606898833593001
3.4527	0.05964215676505573
3.4874	0.05861165861613307
3.5225	0.05759861682872423
3.5579	0.0566040188679115
3.5936000000000003	0.05562481438859155
3.6297	0.054663643941900396
3.6662	0.05371747862053949
3.7030999999999996	0.052787593530137976
3.7402999999999995	0.05187374210680853
3.7779000000000003	0.050975412206521284
3.8158	0.0500922879164307
3.8541999999999996	0.04922440738226437
3.8929	0.04837090742456193
3.932	0.04753246773309448
3.9716	0.0467075458014865
4.0115	0.0458962576109674
4.0518	0.04510052838917012
4.0925	0.04431697538209524
4.1336	0.043546914549880245
4.1752	0.042790006118657596
4.2172	0.04204691516627512
4.2595	0.041315795216419905
4.3023	0.04059705487785714
4.3456	0.03989086725568444
4.3892999999999995	0.03919657097275072
4.4334	0.03851427994906608
4.4779	0.037844112795243814
4.5229	0.03718450995057399
4.5684000000000005	0.03653690313050143
4.6143	0.03590051162936814
4.6607	0.03527375637722885
4.7075	0.03465976339963505
4.7548	0.03405430084748547
4.8026	0.03346016270763847
4.8509	0.03287613040413498
4.8996	0.03230263660637633
4.9489	0.031737779108453636
4.998600000000001	0.03118366989881642
5.0488	0.030638713072143997
5.0996	0.03010272749896974
5.1508	0.029576384089022353
5.2025999999999994	0.02905923509432547
5.2549	0.02855079370231907
5.3077	0.02805129779025828
5.361000000000001	0.027560399866447073
5.4149	0.027077653376634456
5.4694	0.02660331476413133
5.5243	0.02613733690096638
5.5798000000000005	0.025679344903050245
5.6359	0.02522897756443181
5.6926	0.02478648423169843
5.7498000000000005	0.02435169444983808
5.807600000000001	0.023924486701059025
5.8659	0.023504825447055067
5.924899999999999	0.02309209098356143
5.9844	0.02268657948463282
6.0446	0.02228817085287216
6.1053	0.021896648183146898
6.1667000000000005	0.02151174024733272
6.2287	0.02113369881966394
6.2912	0.02076225230458465
6.3545	0.02039699967350126
6.4183	0.020038310960329996
6.482900000000001	0.019685464153572464
6.548	0.019339142689823292
6.6137999999999995	0.018998603449574845
6.6803	0.01866391768074948
6.7474	0.01833528758622093
6.8152	0.018012109889153177
6.8837	0.0176946307448227
6.9529	0.017382736738308358
7.0228	0.017076310379416263
7.0934	0.016775043213108968
7.164700000000001	0.016479181531938784
7.236700000000001	0.016188409965628772
7.3094	0.015902594099065945
7.3829	0.015621880887567255
7.457000000000001	0.01534595094947884
7.532	0.015074952157631648
7.6076999999999995	0.014808551338167587
7.6842	0.014546705703739568
7.7614	0.014289559186242029
7.8393999999999995	0.014036874550780462
7.9182	0.013788706603651519
7.997800000000001	0.013544698844817325
8.078100000000001	0.013305185412761074
8.1593	0.013069642313571172
8.2413	0.012838407324645758
8.3241	0.012611106019341208
8.4078	0.01238771189829981
8.4923	0.012168126770093306
8.5777	0.011952544404945057
8.6639	0.011740641276172364
8.7509	0.011532455951919865
8.838899999999999	0.011328131310834851
8.9277	0.011127164083204348
9.0174	0.010929756705529918
9.1081	0.010735666713288204
9.1996	0.010545279071284512
9.2921	0.01035806148722516
9.3854	0.0101741573858829
9.479800000000001	0.009993449533606372
9.575	0.00981589087099622
9.6713	0.009641369056786505
9.7685	0.009470019180129654
9.8667	0.009301586483320932
9.9658	0.009136397979893792
10.066	0.00897390698704063