       0.0000000000000000
       0.0000000000000000
       0.0000000000000000
       0.0000000000000000
       0.0000000000000000
       0.0000000000000000
       0.0000000000000000
       0.0000000000000000
       0.0000000000000000
       0.0000000000000000
       0.0000000000000000
       0.0000000000000000
       0.0000000000000000
       0.0000000000000000
       0.0000000000000000
       0.0000000000000000
       0.0000000000000000
       0.0000000000000000
       0.0000000000000000
       0.0000000000000000
       0.0000000000000000
       0.0000000000000000
       0.0000000000000000
       0.0000000000000000
       0.0000000000000000
       0.0000000000000000
       0.0000000000000000
       0.0000000000000000
       0.0000000000000000
       0.0000000000000000
       0.0000000000000000
       0.0000000000000000
       0.0000000000000000
       0.0000000000000000
       0.0000000000000000
       0.0000000000000000
       0.0000000000000000
       0.0000000000000000
       0.0000000000000000
       0.0000000000000000
       0.0000000000000000
       0.0000000000000000
       0.0000000000000000
       0.0000000000000000
       0.0000000000000000
       0.0000000000000000
       0.0000000000000000
       0.0000000000000000
       0.0000000000000000
       0.0000000000000000
       0.0000000000000000
       0.0000000000000000
       0.0000000000000000
       0.0000000000000000
       0.0000000000000000
       0.0000000000000000
       0.0000000000000000
       0.0000000000000000
       0.0000000000000000
       0.0000000000000000
       0.0000000000000000
       0.0000000000000000
       0.0000000000000000
       0.0000000000000000
       0.0000000000000000
       0.0000000000000000
       0.0000000000000000
       0.0000000000000000
       0.0000000000000000
       0.0000000000000000
       0.0000000000000000
       0.0000000000000000
       0.0000000000000000
       0.0000000000000000
       0.0000000000000000
       0.0000000000000000
       0.0000000000000000
       0.0000000000000000
       0.0000000000000000
       0.0000000000000000
       0.0000000000000000
       0.0000000000000000
       0.0000000000000000
       0.0000000000000000
       0.0000000000000000
       0.0000000000000000
     115.0000000000000000
     129.0000000000000000
     153.0000000000000000
     207.0000000000000000
     201.0000000000000000
     299.0000000000000000
     277.0000000000000000
     331.0000000000000000
     368.0000000000000000
     347.0000000000000000
     352.0000000000000000
     416.0000000000000000
     394.0000000000000000
     421.0000000000000000
     481.0000000000000000
     413.0000000000000000
     436.0000000000000000
     435.0000000000000000
     457.0000000000000000
     435.0000000000000000
     428.0000000000000000
     427.0000000000000000
     401.0000000000000000
     406.0000000000000000
     384.0000000000000000
     377.0000000000000000
     385.0000000000000000
     344.0000000000000000
     339.0000000000000000
     338.0000000000000000
     348.0000000000000000
     315.0000000000000000
     312.0000000000000000
     260.0000000000000000
     271.0000000000000000
     260.0000000000000000
     217.0000000000000000
     243.0000000000000000
     214.0000000000000000
     223.0000000000000000
     224.0000000000000000
     181.0000000000000000
     160.0000000000000000
     142.0000000000000000
     167.0000000000000000
     136.0000000000000000
     131.0000000000000000
      87.0000000000000000
     113.0000000000000000
      93.0000000000000000
      86.0000000000000000
      73.0000000000000000
      65.0000000000000000
      68.0000000000000000
