0.0025	0.0	0.005	0.044000503
0.0075	0.005	0.01	0.00051331479
0.0125	0.01	0.015	0.00012927782
0.0175	0.015	0.02	6.8900328e-05
0.0225	0.02	0.025	5.0183e-05
0.0275	0.025	0.03	5.6608267e-05
0.0325	0.03	0.035	7.0018825e-05
0.0375	0.035	0.04	5.563505e-05
0.0425	0.04	0.045	6.0875536e-05
0.0475	0.045	0.05	4.6186906e-05
0.0525	0.05	0.055	9.0839763e-05
0.0575	0.055	0.06	8.736521e-05
0.0625	0.06	0.065	7.9577876e-05
0.0675	0.065	0.07	7.4648444e-05
0.0725	0.07	0.075	7.866857e-05
0.0775	0.075	0.08	7.5606855e-05
0.0825	0.08	0.085	5.3844105e-05
0.0875	0.085	0.09	6.1486222e-05
0.0925	0.09	0.095	4.7764988e-05
0.0975	0.095	0.1	3.7736696e-05
0.1025	0.1	0.105	2.79504e-05
0.1075	0.105	0.11	2.3757513e-05
0.1125	0.11	0.115	2.2730719e-05
0.1175	0.115	0.12	2.5505507e-05
0.1225	0.12	0.125	2.4271247e-05
0.1275	0.125	0.13	1.966235e-05
0.1325	0.13	0.135	2.2601354e-05
0.1375	0.135	0.14	1.9071962e-05
0.1425	0.14	0.145	2.1538459e-05
0.1475	0.145	0.15	1.9387748e-05
0.1525	0.15	0.155	2.0122279e-05
0.1575	0.155	0.16	1.4750751e-05
0.1625	0.16	0.165	1.4647665e-05
0.1675	0.165	0.17	1.9499617e-05
0.1725	0.17	0.175	2.5109228e-05
0.1775	0.175	0.18	2.1598773e-05
0.1825	0.18	0.185	1.771321e-05
0.1875	0.185	0.19	1.9675683e-05
0.1925	0.19	0.195	2.045948e-05
0.1975	0.195	0.2	2.1082154e-05
0.2025	0.2	0.205	2.4168257e-05
0.2075	0.205	0.21	2.3804459e-05
0.2125	0.21	0.215	2.2904129e-05
0.2175	0.215	0.22	2.1894541e-05
0.2225	0.22	0.225	2.6388278e-05
0.2275	0.225	0.23	2.4348818e-05
0.2325	0.23	0.235	2.5167297e-05
0.2375	0.235	0.24	2.347225e-05
0.2425	0.24	0.245	2.1884645e-05
0.2475	0.245	0.25	1.8293809e-05
0.2525	0.25	0.255	1.6672982e-05
0.2575	0.255	0.26	1.6865573e-05
0.2625	0.26	0.265	1.4686103e-05
0.2675	0.265	0.27	1.837729e-05
0.2725	0.27	0.275	1.5129494e-05
0.2775	0.275	0.28	1.786053e-05
0.2825	0.28	0.285	1.5803536e-05
0.2875	0.285	0.29	1.6479155e-05
0.2925	0.29	0.295	1.6414489e-05
0.2975	0.295	0.3	1.7147764e-05
0.3025	0.3	0.305	1.5496513e-05
0.3075	0.305	0.31	1.606717e-05
0.3125	0.31	0.315	1.6180878e-05
0.3175	0.315	0.32	1.5160026e-05
0.3225	0.32	0.325	1.5150315e-05
0.3275	0.325	0.33	1.4340218e-05
0.3325	0.33	0.335	1.4747413e-05
0.3375	0.335	0.34	1.4336456e-05
0.3425	0.34	0.345	1.2214554e-05
0.3475	0.345	0.35	1.4029355e-05
0.3525	0.35	0.355	1.374345e-05
0.3575	0.355	0.36	1.4113034e-05
0.3625	0.36	0.365	1.6141887e-05
0.3675	0.365	0.37	1.5529547e-05
0.3725	0.37	0.375	1.4900106e-05
0.3775	0.375	0.38	1.6852118e-05
0.3825	0.38	0.385	1.7657676e-05
0.3875	0.385	0.39	1.9257493e-05
0.3925	0.39	0.395	2.2691176e-05
0.3975	0.395	0.4	2.4802306e-05
0.4025	0.4	0.405	3.1407431e-05
0.4075	0.405	0.41	3.4744466e-05
0.4125	0.41	0.415	4.7306265e-05
0.4175	0.415	0.42	5.3994139e-05
0.4225	0.42	0.425	7.1099079e-05
0.4275	0.425	0.43	9.0299967e-05
0.4325	0.43	0.435	0.00010541328366
0.4375	0.435	0.44	0.000141669748435
0.4425	0.44	0.445	0.000179679629065
0.4475	0.445	0.45	0.000213060663189
0.4525	0.45	0.455	0.000246410601431
0.4575	0.455	0.46	0.000263980566342
0.4625	0.46	0.465	0.000290979033732
0.4675	0.465	0.47	0.000321895569609
0.4725	0.47	0.475	0.000362494703454
0.4775	0.475	0.48	0.000357481747623
0.4825	0.48	0.485	0.000366228912124
0.4875	0.485	0.49	0.000367427844847
0.4925	0.49	0.495	0.00038173562073
0.4975	0.495	0.5	0.000391536739356
0.5025	0.5	0.505	0.000401930685293
0.5075	0.505	0.51	0.000408843830515
0.5125	0.51	0.515	0.000389340647596
0.5175	0.515	0.52	0.000387316534584
0.5225	0.52	0.525	0.000373161217876
0.5275	0.525	0.53	0.000366449021304
0.5325	0.53	0.535	0.000355656819973
0.5375	0.535	0.54	0.000351030538752
0.5425	0.54	0.545	0.000354946182196
0.5475	0.545	0.55	0.000336091765749
0.5525	0.55	0.555	0.000313008984834
0.5575	0.555	0.56	0.000314816801572
0.5625	0.56	0.565	0.000308076754441
0.5675	0.565	0.57	0.000293755838289
0.5725	0.57	0.575	0.000261207913973
0.5775	0.575	0.58	0.000248923230185
0.5825	0.58	0.585	0.000241889138882
0.5875	0.585	0.59	0.000228483896457
0.5925	0.59	0.595	0.000218980320998
0.5975	0.595	0.6	0.00020276687504
0.6025	0.6	0.605	0.000192965541991
0.6075	0.605	0.61	0.000183706661229
0.6125	0.61	0.615	0.000169645451716
0.6175	0.615	0.62	0.000160096707071
0.6225	0.62	0.625	0.000151256553875
0.6275	0.625	0.63	0.000139348336383
0.6325	0.63	0.635	0.000133195029871
0.6375	0.635	0.64	0.000122338906264
0.6425	0.64	0.645	0.000111885591488
0.6475	0.645	0.65	0.000102782685294
0.6525	0.65	0.655	9.52994289538e-05
0.6575	0.655	0.66	9.22343015028e-05
0.6625	0.66	0.665	8.68973646076e-05
0.6675	0.665	0.67	7.47653823717e-05
0.6725	0.67	0.675	6.89047862456e-05
0.6775	0.675	0.68	6.43331158399e-05
0.6825	0.68	0.685	5.60737494218e-05
0.6875	0.685	0.69	5.47203889967e-05
0.6925	0.69	0.695	4.93951178453e-05
0.6975	0.695	0.7	4.52514275458e-05
0.7025	0.7	0.705	3.9122697e-05
0.7075	0.705	0.71	3.6756275e-05
0.7125	0.71	0.715	3.293909e-05
0.7175	0.715	0.72	2.8808283e-05
0.7225	0.72	0.725	2.5686084e-05
0.7275	0.725	0.73	2.1432295e-05
0.7325	0.73	0.735	2.0440724e-05
0.7375	0.735	0.74	1.803441e-05
0.7425	0.74	0.745	1.5559906e-05
0.7475	0.745	0.75	1.4399191e-05
0.7525	0.75	0.755	1.2779053e-05
0.7575	0.755	0.76	1.0630802e-05
0.7625	0.76	0.765	9.9595181e-06
0.7675	0.765	0.77	9.0339345e-06
0.7725	0.77	0.775	7.0107749e-06
0.7775	0.775	0.78	6.2854106e-06
0.7825	0.78	0.785	4.9392638e-06
0.7875	0.785	0.79	4.7678627e-06
0.7925	0.79	0.795	3.6944396e-06
0.7975	0.795	0.8	3.6413551e-06
0.8025	0.8	0.805	2.661804e-06
0.8075	0.805	0.81	2.0884111e-06
0.8125	0.81	0.815	2.0580985e-06
0.8175	0.815	0.82	1.7307195e-06
0.8225	0.82	0.825	1.486621e-06
0.8275	0.825	0.83	1.3040111e-06
0.8325	0.83	0.835	1.1208271e-06
0.8375	0.835	0.84	9.6696579e-07
0.8425	0.84	0.845	7.5071614e-07
0.8475	0.845	0.85	9.2078693e-07
0.8525	0.85	0.855	7.2342715e-07
0.8575	0.855	0.86	5.9662915e-07
0.8625	0.86	0.865	3.1345573e-07
0.8675	0.865	0.87	5.411087e-07
0.8725	0.87	0.875	4.222243e-07
0.8775	0.875	0.88	3.7531464e-07
0.8825	0.88	0.885	2.0556045e-07
0.8875	0.885	0.89	2.7031263e-07
0.8925	0.89	0.895	3.0170085e-07
0.8975	0.895	0.9	1.5742566e-07
0.9025	0.9	0.905	1.2936054e-07
0.9075	0.905	0.91	2.0034594e-07
0.9125	0.91	0.915	1.65179e-07
0.9175	0.915	0.92	1.6825354e-07
0.9225	0.92	0.925	1.877826e-07
0.9275	0.925	0.93	8.7956167e-08
0.9325	0.93	0.935	7.5088252e-08
0.9375	0.935	0.94	1.5086523e-07
0.9425	0.94	0.945	1.0510241e-07
0.9475	0.945	0.95	1.3703993e-08
0.9525	0.95	0.955	8.7509918e-08
0.9575	0.955	0.96	5.8195521e-08
0.9625	0.96	0.965	2.8399269e-08
0.9675	0.965	0.97	4.2817177e-08
0.9725	0.97	0.975	7.4844841e-08
0.9775	0.975	0.98	1.3600966e-08
0.9825	0.98	0.985	2.7620111e-08
0.9875	0.985	0.9899999	0.0
0.9924999	0.9899999	0.995	5.5614318e-08
0.9975	0.995	1.0	3.6294406e-07
1.0025001	1.0	1.005	1.3149979e-07
